[CameraSet]
Pos=BDFE4C455FF37A469AEA4EC6
LookAtPos=8822BD45973C9045CE98A244
UpDirection=000000000000803F00000000

[Scene]
evnmap=

[LogicalScene]
X_Start=0
Z_Start=0
X_Width=0
Z_Width=0

[Main]
nActiveCurveStype=0

[Water]
SurfaceTexter=data\source\maps_source\texture\Ë®²¨ÎÆ\001_001.anitexture
BumpTexture=data\public\defaultscene\wavesbump.dds
vTextParam=0.001010,0.000100,0.022000,5000.000000
vWaveParam=0.020000,5.000000,0.100000,0.000000
vWaveParam2=0.080000,100.000000,0.000000,0.000000
WaterColor_00=0.121569,0.196078,0.266667,0.800000
WaterColor_01=0.121569,0.196078,0.266667,0.800000
WaterColor_02=0.121569,0.196078,0.266667,0.800000
WaterColor_03=0.121569,0.196078,0.266667,0.800000
WaterColor_04=0.121569,0.196078,0.266667,0.800000
WaterSpecrColor=0.500000,0.500000,0.500000,1.000000
WaterFogColor=0.300000,0.500000,0.610000,1.000000
fFogStart=-5000.000000
fFogEnd=5000.000488

[KG3DEnvironment]
EnvEff0=2040
EnvEff1=2050

[SceneFog]
bFogEnable=0
dwFogColo=255,255,255,255
bDeviceUsesWFog=0
bRangeBasedFog=0
bUsingTableFog=0
nFogMode=D3DFOG_LINEAR
fFogStartValue=1000.000000
fFogEndValue=8000.000000

[LightSet]
SceneAmbient=255,128,128,128
0=Light_0
1=Light_1

[Light_0]
Type=3
D3DLIGHT9_Diffuse=255,127,127,127
D3DLIGHT9_Specular=255,255,255,255
D3DLIGHT9_Ambient=255,0,0,0
D3DLIGHT9_Position=0.000000,400.000000,0.000000
D3DLIGHT9_Direction=-0.577350,-0.577350,-0.577350
D3DLIGHT9_Rang_FallOff_A012_Theta_Phi=1000.000000,0.000000,0.000000,0.001000,0.000000,0.000000,0.000000
Color0=127,127,127,127
Color1=127,127,127,127
Color2=127,127,127,127
Color3=127,127,127,127

[Light_1]
Type=3
D3DLIGHT9_Diffuse=255,127,127,127
D3DLIGHT9_Specular=255,255,255,255
D3DLIGHT9_Ambient=255,0,0,0
D3DLIGHT9_Position=0.000000,400.000000,0.000000
D3DLIGHT9_Direction=-0.577350,-0.577350,-0.577350
D3DLIGHT9_Rang_FallOff_A012_Theta_Phi=1000.000000,0.000000,0.000000,0.001000,0.000000,0.000000,0.000000
Color0=127,127,127,127
Color1=127,127,127,127
Color2=127,127,127,127
Color3=127,127,127,127

